000000000000000000000000100000000000000000000000
000000000000000000000001100000000000000000000000
000000000000000000000001100000000000000000000000
000000000000000000000001110000000000000000000000
000000000000000000000001100000000000000000000000
000000000000000000000001110000000000000000000000
000000000000000000000011111000000000000000000000
000000000000000000000011111000001100000000000000
000000000000001110000011111001111000000000000000
000000000000000011110011111111100000000000000000
000000000000000000111111111110000000000000000000
000000000111111111111110001111111111110000000000
001111111111111111111100000111111111111111111100
000000000001111111111110001111111111111000000000
000000000000000000111111111111110000000000000000
000000000000000001111111110001111100000000000000
000000000000000011100011110000000110000000000000
000000000000000110000011110000000000000000000000
000000000000000000000011110000000000000000000000
000000000000000000000001110000000000000000000000
000000000000000000000001100000000000000000000000
000000000000000000000000100000000000000000000000
000000000000000000000000100000000000000000000000